3.472222e-004 0 0 0 0 0 0 0 0 0 0 0 0 0 0 0 0
2.118056e-002 0 0 0 0 0 0 0 0 0 0 0 0 0 0 0 0
4.201389e-002 0 0 0 0 0 0 0 0 0 0 0 0 0 0 0 0
6.284722e-002 0 0 0 0 0 0 0 0 0 0 0 0 0 0 0 0
8.368056e-002 0 0 0 0 0 0 0 0 0 0 0 0 0 0 0 0
1.045139e-001 0 0 0 0 0 0 0 0 0 0 0 0 0 0 0 0
1.253472e-001 0 0 0 0 0 0 0 0 0 0 0 0 0 0 0 0
1.461806e-001 0 0 0 0 0 0 0 0 0 0 0 0 0 0 0 0
1.670139e-001 0 0 0 0 0 0 0 0 0 0 0 0 0 0 0 0
1.878472e-001 0 0 0 0 0 0 0 0 0 0 0 0 0 0 0 0
2.086806e-001 0 0 0 0 0 0 0 0 0 0 0 0 0 0 0 0
2.295139e-001 0 0 0 0 0 0 0 0 0 0 0 0 0 0 0 0
2.503472e-001 0 0 0 0 0 0 0 0 0 0 0 0 0 0 0 0
2.711806e-001 0 0 0 0 0 0 0 0 0 0 0 0 0 0 0 0
2.920139e-001 0 0 0 0 0 0 0 0 0 0 0 0 0 0 0 0
3.128472e-001 0 0 0 0 0 0 0 0 0 0 0 0 0 0 0 0
3.336806e-001 0 0 0 0 0 0 0 0 0 0 0 0 0 0 0 0
3.545139e-001 0 0 0 0 0 0 0 0 0 0 0 0 0 0 0 0
3.753472e-001 0 0 0 0 0 0 0 0 0 0 0 0 0 0 0 0
3.961806e-001 0 0 0 0 0 0 0 0 0 0 0 0 0 0 0 0
4.170139e-001 0 0 0 0 0 0 0 0 0 0 0 0 0 0 0 0
4.378472e-001 0 0 0 0 0 0 0 0 0 0 0 0 0 0 0 0
4.586806e-001 0 0 0 0 0 0 0 0 0 0 0 0 0 0 0 0
4.795139e-001 0 0 0 0 0 0 0 0 0 0 0 0 0 0 0 0
5.003472e-001 450 760 423 498 1359 2640 39 555 41 50 0 244 196 336 89 0
5.211806e-001 46 480 633 466 1463 1470 1304 1802 2329 1531 1278 1383 1709 2025 1178 507
5.420139e-001 9 0 18 0 125 383 0 271 2407 1464 688 1678 1652 3298 1238 810
5.628472e-001 10 0 18 0 190 423 0 267 85 301 61 87 553 696 142 20
5.836806e-001 10 0 36 9 327 599 0 293 108 73 47 259 99 265 205 0
6.045139e-001 19 0 0 0 52 502 0 226 60 144 46 129 135 287 32 0
6.253472e-001 8 93 0 0 351 2647 0 177 137 120 94 208 228 212 51 0
6.461806e-001 110 122 257 10 78 534 0 161 89 162 145 291 67 260 374 0
6.670139e-001 38 0 101 880 108 427 0 703 337 787 153 238 1343 436 45 0
6.878472e-001 45 66 0 0 81 507 0 275 24 126 197 228 1301 297 63 0
7.086806e-001 9 29 262 0 1626 928 0 1332 76 111 41 491 158 941 56 0
7.295139e-001 230 37 189 38 276 679 1167 573 947 477 47 631 1356 1751 43 68
7.503472e-001 841 54 962 143 522 373 500 1257 45 1366 128 227 593 307 97 0
7.711806e-001 168 64 514 0 499 2120 278 91 23 144 400 399 154 482 452 35
7.920139e-001 2440 1645 1606 1731 2511 4345 549 1076 3385 901 132 792 3887 1918 608 1557
8.128472e-001 1319 2158 1665 2012 2010 1048 1079 1575 2236 1835 850 321 2125 3066 763 767
8.336806e-001 1084 976 1086 1155 1274 823 1136 1176 3290 370 731 1629 1989 1619 1314 1327
8.545139e-001 996 2179 1013 1312 2482 3468 301 1529 3317 2560 1145 1586 3295 1443 606 1435
8.753472e-001 2802 1461 349 168 2459 4126 375 1512 2173 1892 729 1286 1727 3855 856 1300
8.961806e-001 457 1985 506 2460 1108 3513 1565 1307 2355 1056 1769 882 87 3000 763 504
9.170139e-001 638 1892 94 180 1647 3344 1581 1170 1222 152 1855 201 42 3722 361 1051
9.378472e-001 258 693 572 10 1657 1408 1010 1944 1439 457 715 1211 73 2167 714 518
9.586806e-001 1130 841 920 631 2402 995 1786 1704 1463 419 980 1054 2855 326 1143 1294
9.795139e-001 1954 1774 18 593 2051 596 1519 1730 797 378 1147 1097 1033 1909 896 289
1.000347e+000 1714 1278 17 9 2139 2952 797 621 2536 1221 302 1498 669 2511 872 471
1.021181e+000 1022 2806 262 131 1666 4285 1607 1075 2349 1612 1487 518 1679 3023 1428 538
1.042014e+000 708 819 256 123 881 2077 1820 930 4136 198 2092 615 33 2569 1715 704
1.062847e+000 1525 907 1314 1461 1900 486 1571 945 3791 416 1518 102 0 1496 683 883
1.083681e+000 1348 1068 1211 210 914 2519 391 2006 1742 299 707 1510 39 151 231 1490
1.104514e+000 2376 1413 296 10 1710 2852 493 2509 129 292 278 822 43 411 174 1090
1.125347e+000 1737 1297 1722 27 1361 746 367 2297 102 840 355 540 39 2555 490 133
1.146181e+000 1341 1321 453 110 2072 496 1847 232 1209 1001 1405 15 301 249 936 209
1.167014e+000 1817 2502 18 124 866 772 2077 407 763 244 2000 497 16 327 1470 340
1.187847e+000 1395 830 452 671 290 3500 480 937 1163 219 1780 452 177 2456 249 810
1.208681e+000 765 946 443 36 995 1688 351 1807 2342 194 1061 1444 1572 2751 1640 1281
1.229514e+000 540 740 531 10 629 2083 621 1127 4052 756 110 1167 596 451 328 291
1.250347e+000 486 1466 996 446 288 2753 2053 745 1469 977 319 949 1295 748 1368 1560
1.271181e+000 809 232 0 42 314 942 548 2206 254 958 122 832 103 1724 306 304
1.292014e+000 19 170 0 20 108 579 1534 717 625 18 118 638 884 548 281 244
1.312847e+000 37 46 0 120 36 784 606 451 100 126 20 165 971 293 0 109
1.333681e+000 147 56 0 0 1446 490 421 393 404 124 75 195 438 350 56 132
1.354514e+000 0 77 0 29 397 296 1183 677 266 99 62 418 257 317 35 246
1.375347e+000 20 56 18 20 12 441 871 235 388 95 0 2248 198 3091 821 376
1.396181e+000 0 1155 9 193 11 2222 293 189 110 2044 21 295 486 2124 541 64
1.417014e+000 993 9 94 9 233 555 307 230 46 501 42 121 386 152 31 141
1.437847e+000 857 28 516 0 291 792 279 0 56 110 757 155 1487 1404 59 227
1.458681e+000 179 19 0 9 11 684 162 0 952 63 23 312 94 479 68 275
1.479514e+000 131 10 0 0 46 479 210 0 81 79 14 230 302 124 22 144
1.500347e+000 101 0 75 29 78 259 661 2005 13 78 16 740 705 147 202 174
1.521181e+000 129 18 0 113 122 973 159 379 67 21 20 617 1058 942 49 235
1.542014e+000 101 10 101 240 465 2945 260 330 24 85 22 60 142 1481 133 513
1.562847e+000 73 737 0 18 84 362 103 393 940 59 31 146 110 247 91 0
1.583681e+000 198 148 343 0 50 210 86 350 0 438 0 123 435 251 220 0
1.604514e+000 250 10 0 45 58 301 185 260 53 296 39 216 1250 304 46 0
1.625347e+000 166 28 0 0 405 1089 209 446 115 0 27 568 77 307 129 0
1.646181e+000 49 9 0 28 75 306 41 581 83 49 37 83 110 219 575 0
1.667014e+000 338 0 17 18 88 184 426 527 822 18 102 177 652 304 14 0
1.687847e+000 731 56 0 9 130 728 149 241 22 225 26 256 1461 446 48 33
1.708681e+000 140 55 1048 575 19 2362 217 432 23 1400 21 366 467 483 21 0
1.729514e+000 226 714 537 9 918 390 36 364 633 222 5 517 146 2166 78 0
1.750347e+000 137 18 131 0 614 567 128 773 22 195 251 152 1183 340 321 0
1.771181e+000 378 109 359 28 1907 2823 509 1376 423 647 25 889 830 489 893 139
1.792014e+000 1867 2826 2203 1805 2367 2073 2554 1471 4277 1390 344 311 3561 3448 586 1690
1.812847e+000 691 2097 1058 439 1326 2560 544 819 1866 1468 1149 900 1379 2459 505 848
1.833681e+000 1591 1912 661 66 2900 2293 780 839 4226 1484 700 548 2184 696 928 946
1.854514e+000 2316 1929 250 1583 2210 523 1207 456 2545 1720 687 1147 2229 1766 1278 758
1.875347e+000 1450 1393 672 2368 2745 595 810 1229 1409 1376 1676 925 2487 3422 1048 1368
1.896181e+000 1518 1438 187 658 1929 3212 397 1675 911 1791 2166 1128 1073 3686 776 1684
1.917014e+000 386 2048 279 20 1453 3559 1156 1361 1258 528 1433 796 524 2499 487 450
1.937847e+000 1798 1587 499 0 1742 2283 1930 1298 1339 279 563 326 111 2507 678 1208
1.958681e+000 2047 1836 661 189 1298 122 1354 618 884 199 299 533 126 519 780 693
1.979514e+000 1178 959 73 27 932 11 2046 399 602 930 851 969 150 279 881 262
2.000347e+000 1474 2258 623 957 1265 205 1746 1611 2355 898 1863 1490 264 2422 1453 130
2.021181e+000 1547 1425 415 1875 2478 2726 742 721 4163 991 1559 545 1791 3069 175 609
2.042014e+000 1429 2089 777 166 2117 2944 1680 1113 3128 1322 2312 1537 3078 3490 870 708
2.062847e+000 1804 1400 575 10 1035 2570 2046 564 2103 242 7 711 1736 2075 835 1050
2.083681e+000 1337 976 1393 214 2395 562 2578 599 2045 290 1005 2360 315 2828 1331 1617
2.104514e+000 812 986 266 9 3487 3110 1670 1000 2614 308 2156 1613 476 420 53 300
2.125347e+000 454 2608 829 966 711 1895 688 1646 1789 510 1167 136 501 1526 388 454
2.146181e+000 1090 960 1062 48 69 946 1334 856 55 687 2128 911 251 1016 1106 437
2.167014e+000 201 806 494 56 86 178 1867 1181 87 816 1384 454 58 2848 195 946
2.187847e+000 1584 2271 1259 40 320 250 2308 1357 365 1310 1504 409 368 2881 419 1874
2.208681e+000 1862 1832 787 28 773 1765 458 347 175 251 2168 1105 1201 470 883 1247
2.229514e+000 2285 1976 2107 265 897 1374 1507 1060 1056 283 1637 1551 2220 3324 1208 414
2.250347e+000 1504 913 1804 0 1450 3077 2244 1526 3617 1187 172 1365 2189 2237 1216 808
2.271181e+000 84 123 184 96 392 339 3727 600 1847 1238 201 21 646 1910 148 469
2.292014e+000 625 237 19 10 1484 647 747 537 61 424 112 95 576 852 413 152
2.312847e+000 9 27 9 10 143 446 398 442 136 113 67 63 186 732 567 212
2.333681e+000 9 47 0 0 14 254 832 346 205 381 162 1623 867 709 46 202
2.354514e+000 0 28 38 112 53 1422 486 1009 160 19 73 1671 226 3095 7 108
2.375347e+000 0 218 701 663 626 380 788 1049 4430 976 60 124 1571 3495 51 737
2.396181e+000 0 711 322 103 50 167 1768 400 589 1429 87 141 1223 431 570 0
2.417014e+000 1011 0 0 0 49 183 186 344 359 167 64 215 226 209 754 0
2.437847e+000 163 19 0 10 443 286 114 289 191 123 719 199 761 295 24 0
2.458681e+000 18 0 0 0 909 283 131 449 637 85 410 1584 1293 480 0 0
2.479514e+000 0 19 176 75 71 694 541 483 396 203 61 377 159 534 13 0
2.500347e+000 0 0 0 9 63 948 381 251 452 83 106 22 194 282 205 0
2.521181e+000 0 18 0 19 45 537 325 338 1881 733 115 121 24 427 32 55
2.542014e+000 48 1102 0 91 63 229 375 724 841 27 71 114 104 2131 27 0
2.562847e+000 27 114 0 0 52 946 353 1835 133 9 53 529 590 1423 43 185
2.583681e+000 0 18 36 0 92 1034 377 279 339 88 123 140 1558 235 1107 47
2.604514e+000 296 18 303 0 696 155 114 224 377 207 99 1204 117 247 158 0
2.625347e+000 47 94 0 185 58 521 15 288 1151 1109 116 63 206 454 72 0
2.646181e+000 10 46 0 305 92 129 36 259 293 190 39 80 256 301 60 0
2.667014e+000 10 37 19 9 92 421 371 246 219 138 104 97 871 251 164 0
2.687847e+000 260 0 388 0 241 1255 725 252 264 141 128 201 1334 497 312 0
2.708681e+000 0 66 118 244 755 2248 435 693 928 595 117 947 428 319 400 111
2.729514e+000 28 308 455 84 835 205 380 1105 1918 1003 129 263 138 380 94 0
2.750347e+000 0 454 375 167 677 235 273 215 1362 333 398 130 1977 1216 434 446
2.771181e+000 123 0 0 0 117 2599 565 0 415 922 173 613 1751 1775 534 0
2.792014e+000 2101 2785 959 1366 694 2593 1287 1274 3624 1206 432 1726 3144 2047 596 1103
2.812847e+000 1100 1295 1563 535 1735 2020 1627 1111 3513 136 1024 14 155 1229 1499 1660
2.833681e+000 751 1496 1271 0 1810 2414 2006 998 1005 801 2062 1271 1786 884 1014 307
2.854514e+000 2667 1679 310 19 2412 3201 441 1162 2687 1683 1274 1099 2083 3186 908 1860
2.875347e+000 2082 1443 544 591 2210 3100 981 1332 1981 2021 2600 1862 2750 2521 910 1450
2.896181e+000 1356 1690 45 241 1563 1075 1822 1042 496 1602 1947 3024 1725 2389 916 539
2.917014e+000 1780 2644 786 0 1499 1137 1419 2432 2206 1597 2167 787 10 3707 830 1566
2.937847e+000 1700 954 532 19 546 2012 1193 2041 426 824 2151 509 78 1194 1156 1108
2.958681e+000 1540 1713 813 229 2901 1087 1279 1066 987 32 363 536 44 615 1186 676
2.979514e+000 1712 1736 155 10 2469 2418 2462 1283 890 0 1776 53 50 1286 947 8
3.000347e+000 1935 1518 815 1141 1919 1229 422 1858 1643 91 1818 486 1761 2869 1092 1127
3.021181e+000 1288 460 758 10 1098 353 1158 1046 2834 26 638 191 3603 3406 1703 1084
3.042014e+000 2738 1515 350 0 2173 478 1913 1971 1954 1933 2810 1255 1480 2426 1464 1343
3.062847e+000 436 2461 823 9 2401 1563 1768 1850 118 2392 2007 1002 346 635 567 1090
3.083681e+000 677 959 757 1008 2578 3338 2358 1212 155 1617 1951 477 375 1317 941 624
3.104514e+000 471 1329 555 496 3281 3446 436 92 583 1128 241 649 368 2035 1456 476
3.125347e+000 64 2174 993 10 3174 315 606 24 3155 632 1700 703 546 2289 1235 1204
3.146181e+000 2019 1044 190 0 426 331 1909 252 3721 106 2266 1151 1750 367 961 717
3.167014e+000 1522 1563 486 1185 1829 814 2683 893 2589 291 1622 754 717 1568 438 0
3.187847e+000 1880 1518 1764 1985 1815 3621 1714 992 463 341 1278 239 20 1830 972 246
3.208681e+000 567 1544 357 0 1395 2463 231 488 2356 166 844 305 177 4963 1114 1078
3.229514e+000 2458 1949 567 10 1577 479 343 313 3557 743 1362 452 1193 2655 957 461
3.250347e+000 2242 1297 1075 87 2093 455 1842 393 3728 1499 1391 1330 1220 1082 506 79
3.271181e+000 275 275 609 0 262 2283 2499 89 2143 212 0 205 64 2176 316 186
3.292014e+000 220 118 29 18 960 698 1207 7 171 400 0 566 105 247 452 517
3.312847e+000 9 151 27 93 507 358 378 0 150 110 0 204 10 428 119 0
3.333681e+000 29 9 0 0 223 162 223 0 1021 56 77 225 1624 851 34 0
3.354514e+000 47 39 0 0 2504 162 423 0 135 1932 0 262 473 306 90 0
3.375347e+000 0 64 175 425 658 465 518 1559 116 238 61 804 2197 3187 113 0
3.396181e+000 18 45 0 10 37 348 343 715 126 110 45 1423 660 1951 81 0
3.417014e+000 148 346 804 0 44 1635 285 309 92 41 24 82 400 328 439 0
3.437847e+000 871 933 36 0 47 394 1059 168 33 245 13 43 72 191 227 245
3.458681e+000 9 75 0 0 839 333 288 77 1232 128 75 142 93 787 104 446
3.479514e+000 0 39 9 0 88 106 130 305 158 27 128 71 106 683 7 0
3.500347e+000 27 29 28 19 21 259 119 344 121 420 429 143 18 244 67 0
3.521181e+000 0 47 0 10 20 348 114 284 33 118 0 134 255 416 28 0
3.542014e+000 66 81 9 0 22 610 60 1105 81 144 17 101 1190 239 313 0
3.562847e+000 149 631 127 306 179 445 79 1632 110 214 0 64 865 371 285 0
3.583681e+000 0 154 0 19 140 364 214 247 441 119 23 392 9 255 48 32
3.604514e+000 0 39 0 0 31 1684 206 182 24 170 0 495 205 1536 64 0
3.625347e+000 0 66 72 0 37 543 227 292 77 610 6 65 981 154 42 0
3.646181e+000 10 45 0 0 53 118 189 350 101 151 9 96 858 328 27 133
3.667014e+000 283 29 0 10 83 154 118 365 180 80 32 62 130 125 130 0
3.687847e+000 49 0 20 293 611 517 105 342 594 98 0 461 989 334 295 0
3.708681e+000 19 94 415 272 121 1446 156 474 404 94 24 134 787 525 57 0
3.729514e+000 0 10 28 10 471 916 210 837 1144 1163 23 446 461 413 43 0
3.750347e+000 27 877 0 56 105 218 974 934 209 162 199 283 1760 2066 56 157
3.771181e+000 331 29 285 0 397 1765 69 153 239 537 8 213 2212 424 275 0
3.792014e+000 893 2101 833 985 3383 2546 83 823 4090 1426 45 1330 1467 912 988 1778
3.812847e+000 1036 1345 189 1603 1816 1986 158 959 3370 311 564 451 1392 510 566 1280
3.833681e+000 1534 595 1768 1312 2822 2284 490 1662 3372 1101 688 691 2711 3225 760 644
3.854514e+000 2622 1522 948 984 2121 1488 1678 317 3061 218 415 1367 2850 2348 905 1447
3.875347e+000 1139 1696 815 1338 3932 2692 1756 1463 1529 1159 1362 2208 1740 1978 1297 1224
3.896181e+000 1588 1702 401 1307 2130 2712 868 1594 2074 647 2489 580 2751 1526 991 773
3.917014e+000 1627 1798 485 234 3583 1559 435 1529 840 1719 1565 532 586 3894 485 852
3.937847e+000 2190 1608 690 927 2027 1176 1741 1611 2408 873 1185 670 121 2331 834 1665
3.958681e+000 1787 1779 109 275 2980 394 1797 846 806 63 693 370 581 839 1380 8
3.979514e+000 1503 1437 275 655 2154 1780 1566 1063 2477 111 2125 1163 1780 1940 1362 1393
4.000347e+000 1377 1378 172 2804 1308 1060 2037 1200 1929 242 846 175 161 1361 622 395
4.021181e+000 2287 2096 193 1796 3428 2960 2866 962 2733 53 858 0 51 2818 1093 1158
4.042014e+000 1106 1130 934 961 1633 2841 659 1291 2676 1628 2585 206 260 2383 1336 1181
4.062847e+000 1410 874 1371 186 3163 2855 1812 557 3370 1808 1003 519 1738 2769 491 296
4.083681e+000 1437 1379 363 166 3316 635 2190 1307 1788 1487 566 446 1848 1597 843 1561
4.104514e+000 1658 1731 219 1988 4224 2276 1721 1765 1751 516 1937 937 283 307 801 626
4.125347e+000 717 1619 2270 787 2638 2269 2682 1726 816 96 2617 823 209 398 1825 7
4.146181e+000 1224 2634 559 253 3114 542 1339 1295 781 144 2549 57 168 1256 485 817
4.167014e+000 1835 349 41 298 120 429 217 919 1978 220 494 7 285 2434 1087 819
4.187847e+000 1918 1093 873 1954 724 1230 976 1224 2561 344 2255 464 243 3721 296 1214
4.208681e+000 1218 2110 413 392 669 2203 1827 465 3166 1125 1709 1215 1175 4133 866 968
4.229514e+000 1112 1554 1752 753 2811 1108 1685 2157 2110 973 464 720 1519 1677 1288 343
4.250347e+000 1296 2476 647 334 2068 2309 2401 1412 1700 1036 891 1662 2618 1799 1760 1100
4.271181e+000 112 525 38 1158 1896 1645 524 650 107 840 270 870 1963 527 955 532
4.292014e+000 244 47 596 366 1428 531 770 591 432 149 47 313 337 373 516 165
4.312847e+000 56 9 0 46 353 232 138 303 14 237 15 50 57 310 142 274
4.333681e+000 26 67 0 403 472 203 914 441 877 937 180 240 651 617 575 416
4.354514e+000 140 37 9 288 615 195 318 390 623 1053 0 219 1177 417 547 121
4.375347e+000 1039 1378 118 1348 1579 1154 571 596 192 740 52 1446 1663 2125 23 300
4.396181e+000 733 28 935 1414 2819 2211 1981 1687 2509 1631 727 2634 1296 3729 757 710
4.417014e+000 10 0 0 58 532 223 598 793 1359 978 280 1829 936 2904 290 857
4.437847e+000 0 0 18 27 294 40 0 40 9 53 0 113 34 0 225 0
4.458681e+000 0 0 0 0 0 0 0 0 0 0 0 0 0 0 0 0
4.479514e+000 0 0 0 0 0 0 0 0 0 0 0 0 0 0 0 0
4.500347e+000 0 0 0 0 0 0 0 0 0 0 0 0 0 0 0 0
4.521181e+000 0 0 0 0 0 0 0 0 0 0 0 0 0 0 0 0
4.542014e+000 0 0 0 0 0 0 0 0 0 0 0 0 0 0 0 0
4.562847e+000 0 0 0 0 0 0 0 0 0 0 0 0 0 0 0 0
4.583681e+000 0 0 0 0 0 0 0 0 0 0 0 0 0 0 0 0
4.604514e+000 0 0 0 0 0 0 0 0 0 0 0 0 0 0 0 0
4.625347e+000 0 0 0 0 0 0 0 0 0 0 0 0 0 0 0 0
4.646181e+000 0 0 0 0 0 0 0 0 0 0 0 0 0 0 0 0
4.667014e+000 0 0 0 0 0 0 0 0 0 0 0 0 0 0 0 0
4.687847e+000 0 0 0 0 0 0 0 0 0 0 0 0 0 0 0 0
4.708681e+000 0 0 0 0 0 0 0 0 0 0 0 0 0 0 0 0
4.729514e+000 0 0 0 0 0 0 0 0 0 0 0 0 0 0 0 0
4.750347e+000 0 0 0 0 0 0 0 0 0 0 0 0 0 0 0 0
4.771181e+000 0 0 0 0 0 0 0 0 0 0 0 0 0 0 0 0
4.792014e+000 0 0 0 0 0 0 0 0 0 0 0 0 0 0 0 0
4.812847e+000 0 0 0 0 0 0 0 0 0 0 0 0 0 0 0 0
4.833681e+000 0 0 0 0 0 0 0 0 0 0 0 0 0 0 0 0
4.854514e+000 0 0 0 0 0 0 0 0 0 0 0 0 0 0 0 0
4.875347e+000 0 0 0 0 0 0 0 0 0 0 0 0 0 0 0 0
4.896181e+000 0 0 0 0 0 0 0 0 0 0 0 0 0 0 0 0
4.917014e+000 0 0 0 0 0 0 0 0 0 0 0 0 0 0 0 0
4.937847e+000 0 0 0 0 0 0 0 0 0 0 0 0 0 0 0 0
4.958681e+000 0 0 0 0 0 0 0 0 0 0 0 0 0 0 0 0
4.979514e+000 0 0 0 0 0 0 0 0 0 0 0 0 0 0 0 0
